4825.60 0
0 60 240 11 64 8 0
0 244 364 251 1 7 0
0 181 67 128 188 304 0
0 68 248 190 310 245 0
0 5 365 303 243 63 0
0 137 300 199 66 302 208 3 0
0 367 361 186 120 250 0
0 6 360 241 187 123 0
0 124 363 242 0
0 122 362 198 77 72 65 37 0
0 131 191 70 249 182 0
0 246 420 4 129 9 0
0 69 311 366 247 127 0
0 125 305 306 126 61 0
0 185 354 180 257 301 86 62 0
0 10 184 369 189 183 0
0 371 294 130 407 368 308 275 0
0 47 50 298 178 74 263 326 23 0
0 107 167 347 295 315 258 84 271 274 31 0
0 112 17 138 318 203 140 146 266 331 211 41 42 0
0 26 82 378 358 410 397 403 402 218 102 98 39 0
0 75 195 255 375 419 238 48 99 214 91 0
0 18 134 15 55 170 287 282 281 279 219 210 93 0
0 143 78 418 417 414 415 230 222 339 394 159 0
0 44 51 115 175 235 232 12 323 383 391 154 96 0
0 49 108 278 268 33 150 147 206 265 267 325 373 144 136 118 0
0 22 253 317 293 297 352 174 56 176 283 342 100 95 388 381 330 321 148 21 0
0 29 161 337 346 288 389 338 334 393 153 81 152 85 200 260 313 384 376 165 0
0 27 270 328 160 329 401 343 309 406 409 296 171 110 177 239 233 0
0 156 157 277 223 286 344 416 355 316 374 413 379 324 19 192 59 117 54 0
0 252 196 119 58 114 285 234 349 217 216 261 201 32 141 28 0
0 97 149 269 273 332 205 193 83 73 53 14 194 353 254 172 57 105 45 0
0 113 312 256 299 405 290 164 166 43 163 221 213 220 400 390 386 207 25 0
0 20 30 2 35 335 340 209 46 169 284 289 291 350 351 412 357 0
0 88 320 380 382 135 16 237 292 345 116 236 231 411 348 341 280 215 158 36 0
0 132 197 139 79 202 212 151 155 399 398 336 276 228 168 226 0
0 13 173 24 133 142 262 322 264 319 372 314 359 356 408 34 0
0 89 162 396 333 272 327 385 87 145 259 377 76 179 225 229 109 52 0
0 101 103 227 370 71 204 387 392 307 90 0
0 121 94 404 224 0
0 80 92 395 40 38 106 111 104 0